100000	100000
100001	100001
100002	100002
100004	100004
100005	100005
100006	100006
100007	100007
100010	100010
100011	100011
100012	100012
100013	100013
100017	100017
100019	100019
100022	100022
100023	100023
100031	100031
100032	100032
100033	100033
100035	100035
100039	100039
100041	100041
100050	100050
100051	100051
100070	100070
100083	100083
100093	100093
100101	100101
100102	100102
100117	100117
100120	100120
100124	100124
100137	100137
100141	100141
100142	100142
100144	100144
100167	100167
100168	100168
100176	100176
100187	100187
100188	100188
100189	100189
100191	100191
100192	100192
100204	100204
100205	100205
100206	100206
100213	100213
100236	100236
100249	100249
100274	100274
100276	100276
100277	100277
100285	100285
100293	100293
100297	100297
100314	100314
100316	100316
100328	100328
100337	100337
100338	100338
100339	100339
100343	100343
100345	100345
100348	100348
100358	100358
100359	100359
100360	100360
100361	100361
100362	100362
100364	100364
100365	100365
100368	100368
100370	100370
100371	100371
100384	100384
100388	100388
100390	100390
100391	100391
100412	100412
100478	100478
100481	100481
100483	100483
100485	100485
100486	100486
100489	100489
100491	100491
100497	100497
100499	100499
100504	100504
100510	100510
100511	100511
100513	100513
100569	100569
100573	100573
100582	100582
100656	100656
100657	100657
100658	100658
100659	100659
100660	100660
100661	100661
100663	100663
100664	100664
100665	100665
100672	100672
100674	100674
100676	100676
100679	100679
100680	100680
100682	100682
100683	100683
100684	100684
100693	100693
100711	100711
100714	100714
100715	100715
100717	100717
100719	100719
100723	100723
100729	100729
100732	100732
100733	100733
100736	100736
100833	100833
100849	100849
100856	100856
100859	100859
100866	100866
100868	100868
100872	100872
100876	100876
100882	100882
100935	100935
101021	101021
101038	101038
101050	101050
101097	101097
101098	101098
101114	101114
101136	101136
101147	101147
101150	101150
101257	101257
101258	101258
101259	101259
101260	101260
101261	101261
101262	101262
101263	101263
101264	101264
101265	101265
101266	101266
101267	101267
101268	101268
101269	101269
101270	101270
101271	101271
101272	101272
101273	101273
101274	101274
101275	101275
101276	101276
101277	101277
101278	101278
101279	101279
101280	101280
101281	101281
101282	101282
101283	101283
101284	101284
101286	101286
101287	101287
101288	101288
101289	101289
101290	101290
101291	101291
101292	101292
101293	101293
101294	101294
101295	101295
101296	101296
101297	101297
101298	101298
101299	101299
101300	101300
101301	101301
101302	101302
101303	101303
101304	101304
101305	101305
101306	101306
101307	101307
101308	101308
101309	101309
101310	101310
101311	101311
101312	101312
101313	101313
101314	101314
101315	101315
101316	101316
101317	101317
101318	101318
101319	101319
101320	101320
101321	101321
101322	101322
101323	101323
101324	101324
101325	101325
101326	101326
101327	101327
101328	101328
101329	101329
101330	101330
101331	101331
101332	101332
101333	101333
101334	101334
101335	101335
101336	101336
101337	101337
101338	101338
101339	101339
101340	101340
101341	101341
101342	101342
101343	101343
101344	101344
101345	101345
101346	101346
101347	101347
101348	101348
101349	101349
101350	101350
101351	101351
101352	101352
101353	101353
101354	101354
101355	101355
101356	101356
101357	101357
101358	101358
101359	101359
101360	101360
101361	101361
101362	101362
101363	101363
101364	101364
101365	101365
101366	101366
101367	101367
101368	101368
101369	101369
101370	101370
101371	101371
101372	101372
101373	101373
101374	101374
101375	101375
101376	101376
101377	101377
101378	101378
101379	101379
101380	101380
101381	101381
101382	101382
101383	101383
101384	101384
101385	101385
101386	101386
101387	101387
101388	101388
101389	101389
101390	101390
101391	101391
101392	101392
101393	101393
101394	101394
101395	101395
101396	101396
101397	101397
101398	101398
101399	101399
101400	101400
101401	101401
101402	101402
101403	101403
101404	101404
101405	101405
101406	101406
101407	101407
101408	101408
101409	101409
101410	101410
101411	101411
101412	101412
101413	101413
101414	101414
101415	101415
101416	101416
101417	101417
101418	101418
101419	101419
101420	101420
101421	101421
101422	101422
101423	101423
101424	101424
101425	101425
101426	101426
101427	101427
101428	101428
101429	101429
101430	101430
101431	101431
101432	101432
101433	101433
101434	101434
101435	101435
101436	101436
101437	101437
101438	101438
101439	101439
101440	101440
101441	101441
101442	101442
101443	101443
101444	101444
101445	101445
101446	101446
101447	101447
101448	101448
101449	101449
101450	101450
101451	101451
101452	101452
101453	101453
101454	101454
101455	101455
101456	101456
101457	101457
101458	101458
101459	101459
101460	101460
101461	101461
101462	101462
101463	101463
101464	101464
101465	101465
101466	101466
101467	101467
101468	101468
101469	101469
101470	101470
101471	101471
101472	101472
101473	101473
101474	101474
101475	101475
101476	101476
101477	101477
101478	101478
101479	101479
101480	101480
101481	101481
101482	101482
101483	101483
101484	101484
101485	101485
101486	101486
101487	101487
101488	101488
101489	101489
101490	101490
101491	101491
101492	101492
101493	101493
101494	101494
101495	101495
101496	101496
101497	101497
101498	101498
101499	101499
101500	101500
101501	101501
101502	101502
101503	101503
101504	101504
101505	101505
101506	101506
101507	101507
101508	101508
101509	101509
101510	101510
101511	101511
101512	101512
101513	101513
101514	101514
101515	101515
101516	101516
101517	101517
101518	101518
101519	101519
101520	101520
101521	101521
101522	101522
101523	101523
101524	101524
101525	101525
101526	101526
101527	101527
101528	101528
101529	101529
101530	101530
101531	101531
101532	101532
101533	101533
101534	101534
101535	101535
101536	101536
101537	101537
101538	101538
101539	101539
101540	101540
101541	101541
101542	101542
101543	101543
101544	101544
101545	101545
101546	101546
101547	101547
101548	101548
101549	101549
101550	101550
101551	101551
101552	101552
101553	101553
101554	101554
101555	101555
101556	101556
101557	101557
101558	101558
101559	101559
101560	101560
101561	101561
101562	101562
101563	101563
101564	101564
101565	101565
101566	101566
101567	101567
101568	101568
101569	101569
101570	101570
101571	101571
101572	101572
101573	101573
101574	101574
101575	101575
101576	101576
101577	101577
101578	101578
101579	101579
101580	101580
101581	101581
101582	101582
101583	101583
101584	101584
101585	101585
101586	101586
101587	101587
101588	101588
101589	101589
101590	101590
101591	101591
101592	101592
101593	101593
101594	101594
101595	101595
101596	101596
101597	101597
101598	101598
101599	101599
101600	101600
101601	101601
101602	101602
101603	101603
101604	101604
101605	101605
101606	101606
101607	101607
101608	101608
101609	101609
101610	101610
101611	101611
101612	101612
101613	101613
101614	101614
101615	101615
101616	101616
101617	101617
101618	101618
101619	101619
101620	101620
101621	101621
101622	101622
101623	101623
101624	101624
101625	101625
101626	101626
101627	101627
101628	101628
101629	101629
101630	101630
101631	101631
101632	101632
101633	101633
101634	101634
101635	101635
101636	101636
101637	101637
101638	101638
101639	101639
101640	101640
101641	101641
101642	101642
101644	101644
101645	101645
101646	101646
101647	101647
101648	101648
101649	101649
101650	101650
101651	101651
101652	101652
101653	101653
101654	101654
101656	101656
101658	101658
101659	101659
101660	101660
101661	101661
101662	101662
101663	101663
101664	101664
101665	101665
101666	101666
101667	101667
101668	101668
101669	101669
101670	101670
101671	101671
101672	101672
101673	101673
101674	101674
101675	101675
101676	101676
101677	101677
101678	101678
101679	101679
101680	101680
101681	101681
101682	101682
101683	101683
101684	101684
101685	101685
101686	101686
101687	101687
101688	101688
101689	101689
101690	101690
101691	101691
101692	101692
101694	101694
101695	101695
101696	101696
101697	101697
101698	101698
101699	101699
101700	101700
101701	101701
101702	101702
101703	101703
101704	101704
101705	101705
101706	101706
101707	101707
101708	101708
101709	101709
101710	101710
101711	101711
101712	101712
101713	101713
101714	101714
101715	101715
101716	101716
101717	101717
101718	101718
101719	101719
101720	101720
101721	101721
101722	101722
101723	101723
101724	101724
101725	101725
101726	101726
101727	101727
101728	101728
101729	101729
101730	101730
101731	101731
101732	101732
101733	101733
101734	101734
101735	101735
101736	101736
101737	101737
101738	101738
101739	101739
101740	101740
101741	101741
101742	101742
101743	101743
101744	101744
101745	101745
101746	101746
101747	101747
101748	101748
101749	101749
101750	101750
101751	101751
101752	101752
101753	101753
101754	101754
101755	101755
101756	101756
101757	101757
101758	101758
101759	101759
101760	101760
101761	101761
101762	101762
101763	101763
101764	101764
101765	101765
101766	101766
101767	101767
101768	101768
101769	101769
101770	101770
101771	101771
101772	101772
101773	101773
101774	101774
101775	101775
101776	101776
101777	101777
101778	101778
101779	101779
101780	101780
101781	101781
101782	101782
101783	101783
101784	101784
101785	101785
101786	101786
101787	101787
101788	101788
101789	101789
101790	101790
101791	101791
101792	101792
101793	101793
101794	101794
101795	101795
101796	101796
101797	101797
101798	101798
101799	101799
101800	101800
101801	101801
101802	101802
101803	101803
101804	101804
101805	101805
101806	101806
101807	101807
101808	101808
101809	101809
101810	101810
101811	101811
101812	101812
101813	101813
101814	101814
101815	101815
101816	101816
101817	101817
101818	101818
101819	101819
101820	101820
101821	101821
101822	101822
101823	101823
101824	101824
101825	101825
101826	101826
101827	101827
101828	101828
101829	101829
101830	101830
101831	101831
101832	101832
101833	101833
101834	101834
101835	101835
101836	101836
101837	101837
101838	101838
101839	101839
101840	101840
101841	101841
101842	101842
101843	101843
101844	101844
101845	101845
101846	101846
101847	101847
101848	101848
101849	101849
101850	101850
101851	101851
101852	101852
101853	101853
101854	101854
101855	101855
101856	101856
101857	101857
101858	101858
101859	101859
101860	101860
101861	101861
101862	101862
101863	101863
101864	101864
101865	101865
101866	101866
101867	101867
101868	101868
101869	101869
101870	101870
101871	101871
101872	101872
101873	101873
101874	101874
101875	101875
101876	101876
101877	101877
101878	101878
101879	101879
101880	101880
101881	101881
101882	101882
101883	101883
101884	101884
101885	101885
101886	101886
101887	101887
101888	101888
101889	101889
101890	101890
101891	101891
101892	101892
101893	101893
101894	101894
101895	101895
101896	101896
101897	101897
101898	101898
101899	101899
101900	101900
101901	101901
101902	101902
101903	101903
101904	101904
101905	101905
101906	101906
101907	101907
101908	101908
101909	101909
101910	101910
101911	101911
101912	101912
101913	101913
101914	101914
101915	101915
101916	101916
101917	101917
101918	101918
101919	101919
101920	101920
101921	101921
101922	101922
101923	101923
101924	101924
101925	101925
101926	101926
101927	101927
101928	101928
101929	101929
101930	101930
101931	101931
101932	101932
101933	101933
101934	101934
101935	101935
101936	101936
101937	101937
101938	101938
101939	101939
101940	101940
101941	101941
101942	101942
101943	101943
101944	101944
101945	101945
101946	101946
101947	101947
101948	101948
101949	101949
101950	101950
101951	101951
101952	101952
101953	101953
101954	101954
101955	101955
101956	101956
101957	101957
101958	101958
101959	101959
101960	101960
101961	101961
101962	101962
101963	101963
101964	101964
101965	101965
101966	101966
101967	101967
101968	101968
101969	101969
101970	101970
101971	101971
101972	101972
101973	101973
101974	101974
101975	101975
101976	101976
101977	101977
101978	101978
101979	101979
101980	101980
101981	101981
101982	101982
101983	101983
101984	101984
101985	101985
101986	101986
101987	101987
101988	101988
101989	101989
101990	101990
101991	101991
101992	101992
101993	101993
101994	101994
101995	101995
101996	101996
101997	101997
101998	101998
101999	101999
102000	102000
102001	102001
102002	102002
102003	102003
102004	102004
102005	102005
102006	102006
102007	102007
102008	102008
102009	102009
102010	102010
102011	102011
102012	102012
102013	102013
102014	102014
102015	102015
102016	102016
102017	102017
102018	102018
102019	102019
102020	102020
102021	102021
102022	102022
102023	102023
102024	102024
102025	102025
102026	102026
102027	102027
102028	102028
102029	102029
102030	102030
102031	102031
102032	102032
102033	102033
102034	102034
102035	102035
102036	102036
102037	102037
102038	102038
102039	102039
102040	102040
102041	102041
102042	102042
102043	102043
102044	102044
102045	102045
102046	102046
102047	102047
102048	102048
102049	102049
102050	102050
102051	102051
102052	102052
102053	102053
102054	102054
102055	102055
102056	102056
102057	102057
102058	102058
102059	102059
102060	102060
102061	102061
102062	102062
102063	102063
102064	102064
102065	102065
102066	102066
102067	102067
102068	102068
102069	102069
102070	102070
102071	102071
102072	102072
102073	102073
102074	102074
102075	102075
102076	102076
102077	102077
102078	102078
102079	102079
102080	102080
102081	102081
102082	102082
102083	102083
102084	102084
102085	102085
102086	102086
102087	102087
102088	102088
102089	102089
102090	102090
102091	102091
102092	102092
102093	102093
102094	102094
102095	102095
102096	102096
102097	102097
102098	102098
102099	102099
102100	102100
102101	102101
102102	102102
102103	102103
102104	102104
102105	102105
102106	102106
102107	102107
102108	102108
102109	102109
102110	102110
102111	102111
102112	102112
102113	102113
102114	102114
102115	102115
102116	102116
102117	102117
102118	102118
102119	102119
102120	102120
102121	102121
102122	102122
102123	102123
102124	102124
102125	102125
102126	102126
102127	102127
102128	102128
102129	102129
102130	102130
102131	102131
102132	102132
102133	102133
102134	102134
102135	102135
102136	102136
102137	102137
102138	102138
102139	102139
102140	102140
102141	102141
102142	102142
102143	102143
102144	102144
102145	102145
102146	102146
102147	102147
102148	102148
102149	102149
102150	102150
102151	102151
102152	102152
102153	102153
102154	102154
102155	102155
102156	102156
102157	102157
102158	102158
102159	102159
102160	102160
102161	102161
102162	102162
102163	102163
102164	102164
102165	102165
102166	102166
102167	102167
102168	102168
102169	102169
102170	102170
102171	102171
102172	102172
102173	102173
102174	102174
102175	102175
102176	102176
102177	102177
102178	102178
102179	102179
102180	102180
102181	102181
102182	102182
102183	102183
102184	102184
102185	102185
102186	102186
102187	102187
102188	102188
102189	102189
102190	102190
102191	102191
102192	102192
102193	102193
102194	102194
102195	102195
102196	102196
102197	102197
102198	102198
102199	102199
102200	102200
102201	102201
102202	102202
102203	102203
102204	102204
102205	102205
102206	102206
102207	102207
102208	102208
102209	102209
102210	102210
102211	102211
102212	102212
102213	102213
102214	102214
102215	102215
102216	102216
102217	102217
102218	102218
102219	102219
102220	102220
102221	102221
102222	102222
102223	102223
102224	102224
102225	102225
102226	102226
102227	102227
102228	102228
102229	102229
102230	102230
102231	102231
102232	102232
102233	102233
102234	102234
102235	102235
102236	102236
102237	102237
102238	102238
102239	102239
102240	102240
102241	102241
102242	102242
102243	102243
102244	102244
102245	102245
102246	102246
102247	102247
102248	102248
102249	102249
102250	102250
102251	102251
102252	102252
102253	102253
102254	102254
102255	102255
102256	102256
102257	102257
102258	102258
102259	102259
102260	102260
102261	102261
102262	102262
102263	102263
102264	102264
102265	102265
102266	102266
102267	102267
102268	102268
102269	102269
102270	102270
102271	102271
102272	102272
102273	102273
102274	102274
102275	102275
102276	102276
102277	102277
102278	102278
102279	102279
102280	102280
102281	102281
102282	102282
102283	102283
102284	102284
102285	102285
102286	102286
102287	102287
102288	102288
102289	102289
102290	102290
102291	102291
102292	102292
102293	102293
102294	102294
102295	102295
102296	102296
102297	102297
102298	102298
102299	102299
102300	102300
102301	102301
102302	102302
102303	102303
102304	102304
102305	102305
102306	102306
102307	102307
102308	102308
102309	102309
102310	102310
102311	102311
102312	102312
102313	102313
102314	102314
102315	102315
102316	102316
102317	102317
102318	102318
102319	102319
102320	102320
102321	102321
102322	102322
102323	102323
102324	102324
102325	102325
102326	102326
102327	102327
102328	102328
102329	102329
102330	102330
102331	102331
102332	102332
102333	102333
102334	102334
102335	102335
102336	102336
102337	102337
102338	102338
102339	102339
102340	102340
102341	102341
102342	102342
102343	102343
102344	102344
102345	102345
102346	102346
102347	102347
102348	102348
102349	102349
102350	102350
102351	102351
102352	102352
102353	102353
102354	102354
102355	102355
102356	102356
102357	102357
102358	102358
102359	102359
102360	102360
102361	102361
102362	102362
102363	102363
102364	102364
102365	102365
102366	102366
102367	102367
102368	102368
102369	102369
102370	102370
102371	102371
102372	102372
102373	102373
102374	102374
102375	102375
102376	102376
102377	102377
102378	102378
102379	102379
102380	102380
102381	102381
102382	102382
102383	102383
102384	102384
102385	102385
102386	102386
102387	102387
102388	102388
102389	102389
102390	102390
102391	102391
102392	102392
102393	102393
102394	102394
102395	102395
102397	102397
102398	102398
102399	102399
102400	102400
102401	102401
102402	102402
102403	102403
102404	102404
102405	102405
102406	102406
102407	102407
102408	102408
102409	102409
102410	102410
102411	102411
102412	102412
102413	102413
102414	102414
102415	102415
102416	102416
102417	102417
102418	102418
102419	102419
102420	102420
102421	102421
102422	102422
102423	102423
102424	102424
102425	102425
102426	102426
102427	102427
102428	102428
102429	102429
102430	102430
102431	102431
102432	102432
102433	102433
102434	102434
102435	102435
102436	102436
102437	102437
102438	102438
102439	102439
102440	102440
102441	102441
102442	102442
102443	102443
102444	102444
102445	102445
102446	102446
102447	102447
102448	102448
102449	102449
102450	102450
102451	102451
102452	102452
102453	102453
102454	102454
102455	102455
102456	102456
102457	102457
102458	102458
102459	102459
102460	102460
102461	102461
102462	102462
102463	102463
102464	102464
102465	102465
102466	102466
102467	102467
102468	102468
102469	102469
102470	102470
102471	102471
102472	102472
102473	102473
102474	102474
102475	102475
102476	102476
102477	102477
102478	102478
102479	102479
102480	102480
102481	102481
102482	102482
102483	102483
102484	102484
102485	102485
102486	102486
102487	102487
102488	102488
102489	102489
102490	102490
102491	102491
102492	102492
102493	102493
102494	102494
102495	102495
102496	102496
102497	102497
102498	102498
102499	102499
102500	102500
102501	102501
102502	102502
102503	102503
102504	102504
102505	102505
102506	102506
102507	102507
102508	102508
102509	102509
102510	102510
102511	102511
102512	102512
102513	102513
102514	102514
102515	102515
102516	102516
102517	102517
102518	102518
102519	102519
102520	102520
102521	102521
102522	102522
102523	102523
102524	102524
102525	102525
102526	102526
102527	102527
102528	102528
102529	102529
102530	102530
102531	102531
102532	102532
102533	102533
102534	102534
102535	102535
102536	102536
102537	102537
102539	102539
102540	102540
102541	102541
102542	102542
102543	102543
102544	102544
102545	102545
102546	102546
102547	102547
102548	102548
102549	102549
102550	102550
102551	102551
102552	102552
102553	102553
102554	102554
102555	102555
102556	102556
102557	102557
102558	102558
102559	102559
102560	102560
102561	102561
102562	102562
102563	102563
102564	102564
102565	102565
102566	102566
102567	102567
102568	102568
102569	102569
102570	102570
102571	102571
102572	102572
102573	102573
102574	102574
102575	102575
102576	102576
102577	102577
102578	102578
102579	102579
102580	102580
102581	102581
102582	102582
102583	102583
102584	102584
102585	102585
102586	102586
102587	102587
102588	102588
102589	102589
102590	102590
102591	102591
102592	102592
102593	102593
102594	102594
102595	102595
102596	102596
102597	102597
102598	102598
102599	102599
102600	102600
102601	102601
102602	102602
102603	102603
102604	102604
102605	102605
102606	102606
102607	102607
102608	102608
102609	102609
102610	102610
102611	102611
102612	102612
102613	102613
102614	102614
102615	102615
102616	102616
102617	102617
102618	102618
102619	102619
102620	102620
102621	102621
102622	102622
102623	102623
102624	102624
102625	102625
102626	102626
102627	102627
102628	102628
102629	102629
102630	102630
102631	102631
102632	102632
102633	102633
102634	102634
102635	102635
102636	102636
102637	102637
102638	102638
102639	102639
102640	102640
102641	102641
102642	102642
102643	102643
102644	102644
102645	102645
102646	102646
102647	102647
102648	102648
102649	102649
102650	102650
102651	102651
102652	102652
102653	102653
102654	102654
102655	102655
102656	102656
102657	102657
102658	102658
102659	102659
102660	102660
102661	102661
102662	102662
102663	102663
102664	102664
102665	102665
102666	102666
102667	102667
102668	102668
102669	102669
102670	102670
102671	102671
102672	102672
102673	102673
102674	102674
102675	102675
102676	102676
102677	102677
102678	102678
102679	102679
102680	102680
102681	102681
102682	102682
102683	102683
102684	102684
102685	102685
102686	102686
102687	102687
102688	102688
102689	102689
102690	102690
102691	102691
102692	102692
102693	102693
102694	102694
102695	102695
102696	102696
102697	102697
102698	102698
102699	102699
102700	102700
102701	102701
102702	102702
102703	102703
102704	102704
102705	102705
102706	102706
102707	102707
102708	102708
102709	102709
102710	102710
102711	102711
102712	102712
102713	102713
102714	102714
102715	102715
102716	102716
102717	102717
102718	102718
102719	102719
102720	102720
102721	102721
102722	102722
102723	102723
102724	102724
102725	102725
102726	102726
102727	102727
102728	102728
102729	102729
102730	102730
102731	102731
102732	102732
102733	102733
102734	102734
102735	102735
102736	102736
102737	102737
102738	102738
102739	102739
102740	102740
102741	102741
102742	102742
102743	102743
102744	102744
102745	102745
102746	102746
102747	102747
102748	102748
102749	102749
102750	102750
102751	102751
102752	102752
102753	102753
102754	102754
102755	102755
102756	102756
102757	102757
102758	102758
102759	102759
102760	102760
102761	102761
102762	102762
102763	102763
102764	102764
102765	102765
102766	102766
102767	102767
102768	102768
102769	102769
102770	102770
102771	102771
102772	102772
102773	102773
102774	102774
102775	102775
102776	102776
102777	102777
102778	102778
102779	102779
102780	102780
102781	102781
102782	102782
102783	102783
102784	102784
102785	102785
102786	102786
102787	102787
102788	102788
102789	102789
102790	102790
102791	102791
102792	102792
102793	102793
102794	102794
102795	102795
102796	102796
102797	102797
102798	102798
102799	102799
102800	102800
102801	102801
102802	102802
102803	102803
102804	102804
102805	102805
102806	102806
102807	102807
102808	102808
102809	102809
102810	102810
102811	102811
102812	102812
102813	102813
102814	102814
102815	102815
102816	102816
102817	102817
102818	102818
102819	102819
102820	102820
102821	102821
102822	102822
102823	102823
102824	102824
102825	102825
102826	102826
102827	102827
102828	102828
102829	102829
102830	102830
102831	102831
102832	102832
102833	102833
102834	102834
102835	102835
102836	102836
102837	102837
102838	102838
102839	102839
102840	102840
102841	102841
102842	102842
102843	102843
102844	102844
102845	102845
102846	102846
102847	102847
102848	102848
102849	102849
102850	102850
102851	102851
102852	102852
102853	102853
102854	102854
102855	102855
102856	102856
102857	102857
102858	102858
102859	102859
102860	102860
102861	102861
102862	102862
102863	102863
102864	102864
102865	102865
102866	102866
102867	102867
102868	102868
102869	102869
102870	102870
102871	102871
102872	102872
102873	102873
102874	102874
102875	102875
102876	102876
102877	102877
102878	102878
102879	102879
102880	102880
102881	102881
102882	102882
102883	102883
102884	102884
102885	102885
102886	102886
102887	102887
102888	102888
102889	102889
102890	102890
102891	102891
102892	102892
102893	102893
102894	102894
102895	102895
102896	102896
102897	102897
102898	102898
102899	102899
102900	102900
102901	102901
102902	102902
102903	102903
102904	102904
102905	102905
102906	102906
102907	102907
102908	102908
102909	102909
102910	102910
102911	102911
102912	102912
102913	102913
102914	102914
102915	102915
102916	102916
102917	102917
102918	102918
102919	102919
102920	102920
102921	102921
102922	102922
102923	102923
102924	102924
102925	102925
102926	102926
102927	102927
102928	102928
102929	102929
102930	102930
102931	102931
102932	102932
102933	102933
102934	102934
102935	102935
102936	102936
102937	102937
102938	102938
102939	102939
102940	102940
102941	102941
102942	102942
102943	102943
102944	102944
102945	102945
102946	102946
102947	102947
102948	102948
102949	102949
102950	102950
102951	102951
102952	102952
102953	102953
102954	102954
102955	102955
102956	102956
102957	102957
102958	102958
102959	102959
102960	102960
102961	102961
102962	102962
102963	102963
102964	102964
102965	102965
102966	102966
102967	102967
102968	102968
102969	102969
102970	102970
102971	102971
102972	102972
102973	102973
102974	102974
102975	102975
102976	102976
102977	102977
102978	102978
102979	102979
102980	102980
102981	102981
102982	102982
102983	102983
102984	102984
102985	102985
102986	102986
102987	102987
102988	102988
102989	102989
102990	102990
102991	102991
102992	102992
102993	102993
102994	102994
102995	102995
102996	102996
102997	102997
102998	102998
102999	102999
103000	103000
103001	103001
103002	103002
103003	103003
103004	103004
103005	103005
103006	103006
103007	103007
103008	103008
103009	103009
103010	103010
103011	103011
103012	103012
103013	103013
103014	103014
103015	103015
103016	103016
103017	103017
103018	103018
103019	103019
103020	103020
103021	103021
103022	103022
103023	103023
103024	103024
103025	103025
103026	103026
103027	103027
103028	103028
103029	103029
103030	103030
103031	103031
103032	103032
103033	103033
103034	103034
103035	103035
103037	103037
103038	103038
103039	103039
103040	103040
103041	103041
103042	103042
103043	103043
103044	103044
103045	103045
103046	103046
103047	103047
103048	103048
103049	103049
103050	103050
103051	103051
103052	103052
103053	103053
103054	103054
103055	103055
103056	103056
103057	103057
103058	103058
103059	103059
103060	103060
103061	103061
103062	103062
103063	103063
103064	103064
103065	103065
103066	103066
103067	103067
103068	103068
103069	103069
103070	103070
103071	103071
103072	103072
103073	103073
103074	103074
103075	103075
103076	103076
103077	103077
103078	103078
103079	103079
103080	103080
103081	103081
103082	103082
103083	103083
103084	103084
103085	103085
103086	103086
103087	103087
103088	103088
103089	103089
103090	103090
103091	103091
103092	103092
103093	103093
103094	103094
103095	103095
103096	103096
103097	103097
103098	103098
103099	103099
103100	103100
103101	103101
103102	103102
103103	103103
103104	103104
103105	103105
103106	103106
103107	103107
103108	103108
103109	103109
103110	103110
103111	103111
103112	103112
103113	103113
103114	103114
103115	103115
103116	103116
103117	103117
103118	103118
103119	103119
103120	103120
103121	103121
103122	103122
103123	103123
103124	103124
103125	103125
103126	103126
103127	103127
103128	103128
103129	103129
103130	103130
103131	103131
103132	103132
103133	103133
103134	103134
103135	103135
103136	103136
103137	103137
103138	103138
103139	103139
103140	103140
103141	103141
103142	103142
103143	103143
103144	103144
103145	103145
103146	103146
103147	103147
103148	103148
103149	103149
103150	103150
103151	103151
103152	103152
103153	103153
103154	103154
103155	103155
103156	103156
103157	103157
103158	103158
103159	103159
103160	103160
103161	103161
103162	103162
103163	103163
103164	103164
103165	103165
103166	103166
103167	103167
103168	103168
103169	103169
103170	103170
103171	103171
103172	103172
103173	103173
103174	103174
103175	103175
103176	103176
103177	103177
103178	103178
103179	103179
103180	103180
103181	103181
103182	103182
103183	103183
103184	103184
103185	103185
103186	103186
103187	103187
103188	103188
103189	103189
103190	103190
103191	103191
103192	103192
103193	103193
103194	103194
103195	103195
103197	103197
103198	103198
103199	103199
103200	103200
103201	103201
103202	103202
103203	103203
103204	103204
103205	103205
103206	103206
103207	103207
103208	103208
103209	103209
103210	103210
103211	103211
103212	103212
103213	103213
103214	103214
103215	103215
103216	103216
103217	103217
103218	103218
103219	103219
103220	103220
103221	103221
103222	103222
103223	103223
103224	103224
103225	103225
103226	103226
103227	103227
103228	103228
103229	103229
103230	103230
103231	103231
103232	103232
103233	103233
103234	103234
103235	103235
103236	103236
103237	103237
103238	103238
103239	103239
103240	103240
103241	103241
103242	103242
103243	103243
103244	103244
103245	103245
103246	103246
103247	103247
103248	103248
103249	103249
103250	103250
103251	103251
103252	103252
103253	103253
103254	103254
103255	103255
103256	103256
103257	103257
103258	103258
103259	103259
103260	103260
103261	103261
103262	103262
103263	103263
103264	103264
103265	103265
103266	103266
103267	103267
103268	103268
103269	103269
103270	103270
103271	103271
103272	103272
103273	103273
103274	103274
103275	103275
103276	103276
103277	103277
103278	103278
103279	103279
103280	103280
103281	103281
103282	103282
103283	103283
103284	103284
103285	103285
103286	103286
103288	103288
103289	103289
103290	103290
103291	103291
103293	103293
103294	103294
103295	103295
103296	103296
103297	103297
103298	103298
103299	103299
103300	103300
103301	103301
103302	103302
103303	103303
103304	103304
103305	103305
103306	103306
103307	103307
103308	103308
103309	103309
103310	103310
103311	103311
103312	103312
103313	103313
103314	103314
103315	103315
103316	103316
103317	103317
103318	103318
103319	103319
103320	103320
103321	103321
103322	103322
103323	103323
103324	103324
103325	103325
103326	103326
103327	103327
103328	103328
103329	103329
103330	103330
103331	103331
103332	103332
103333	103333
103334	103334
103335	103335
103336	103336
103337	103337
103338	103338
103339	103339
103340	103340
103341	103341
103342	103342
103343	103343
103344	103344
103345	103345
103346	103346
103347	103347
103348	103348
103349	103349
103350	103350
103351	103351
103352	103352
103353	103353
103354	103354
103355	103355
103356	103356
103357	103357
103358	103358
103359	103359
103360	103360
103361	103361
103362	103362
103363	103363
103364	103364
103365	103365
103366	103366
103367	103367
103368	103368
103369	103369
103370	103370
103371	103371
103372	103372
103373	103373
103374	103374
103375	103375
103376	103376
103377	103377
103378	103378
103379	103379
103380	103380
103381	103381
103382	103382
103384	103384
103386	103386
103387	103387
103388	103388
103389	103389
103390	103390
103391	103391
103392	103392
103393	103393
103394	103394
103395	103395
103396	103396
103397	103397
103398	103398
103399	103399
103400	103400
103401	103401
103402	103402
103403	103403
103404	103404
103405	103405
103406	103406
103407	103407
103408	103408
103409	103409
103410	103410
103411	103411
103412	103412
103413	103413
103414	103414
103415	103415
103416	103416
103417	103417
103418	103418
103419	103419
103420	103420
103421	103421
103422	103422
103423	103423
103424	103424
103425	103425
103426	103426
103427	103427
103428	103428
103429	103429
103430	103430
103431	103431
103432	103432
103433	103433
103434	103434
103435	103435
103436	103436
103437	103437
103438	103438
103439	103439
103440	103440
103441	103441
103442	103442
103443	103443
103444	103444
103445	103445
103446	103446
103447	103447
103448	103448
103449	103449
103450	103450
103451	103451
103452	103452
103453	103453
103454	103454
103455	103455
103456	103456
103457	103457
103458	103458
103459	103459
103460	103460
103461	103461
103462	103462
103463	103463
103464	103464
103465	103465
103466	103466
103467	103467
103468	103468
103469	103469
103470	103470
103471	103471
103472	103472
103473	103473
103474	103474
103475	103475
103476	103476
103477	103477
103478	103478
103479	103479
103480	103480
103481	103481
103482	103482
103483	103483
103484	103484
103485	103485
103486	103486
103487	103487
103488	103488
103489	103489
103490	103490
103491	103491
103492	103492
103493	103493
103494	103494
103495	103495
103496	103496
103497	103497
103498	103498
103499	103499
103500	103500
103501	103501
103502	103502
103503	103503
103504	103504
103505	103505
103506	103506
103507	103507
103508	103508
103509	103509
103510	103510
103511	103511
103512	103512
103513	103513
103514	103514
103515	103515
103516	103516
103517	103517
103518	103518
103519	103519
103520	103520
103521	103521
103522	103522
103523	103523
103524	103524
103525	103525
103526	103526
103527	103527
103528	103528
103529	103529
103530	103530
103531	103531
103532	103532
103533	103533
103534	103534
103535	103535
103536	103536
103537	103537
103538	103538
103539	103539
103540	103540
103541	103541
103542	103542
103543	103543
103544	103544
103545	103545
103546	103546
103547	103547
103548	103548
103549	103549
103550	103550
103551	103551
103552	103552
103553	103553
103554	103554
103555	103555
103556	103556
103557	103557
103558	103558
103559	103559
103560	103560
103561	103561
103562	103562
103563	103563
103564	103564
103565	103565
103566	103566
103567	103567
103568	103568
103569	103569
103570	103570
103571	103571
103572	103572
103573	103573
103574	103574
103575	103575
103576	103576
103577	103577
103578	103578
103579	103579
103580	103580
103581	103581
103582	103582
103583	103583
103584	103584
103585	103585
103586	103586
103587	103587
103588	103588
103589	103589
103590	103590
103591	103591
103592	103592
103593	103593
103594	103594
103595	103595
103596	103596
103597	103597
103598	103598
103599	103599
103600	103600
103601	103601
103602	103602
103603	103603
103604	103604
103605	103605
103606	103606
103607	103607
103608	103608
103609	103609
103610	103610
103611	103611
103612	103612
103613	103613
103614	103614
103615	103615
103616	103616
103617	103617
103618	103618
103619	103619
103620	103620
103621	103621
103622	103622
103623	103623
103624	103624
103625	103625
103626	103626
103627	103627
103628	103628
103629	103629
103630	103630
103631	103631
103632	103632
103633	103633
103634	103634
103635	103635
103636	103636
103637	103637
103638	103638
103639	103639
103640	103640
103641	103641
103642	103642
103643	103643
103644	103644
103645	103645
103646	103646
103647	103647
103648	103648
103649	103649
103650	103650
103651	103651
103652	103652
103653	103653
103654	103654
103655	103655
103656	103656
103657	103657
103658	103658
103659	103659
103660	103660
103661	103661
103662	103662
103663	103663
103664	103664
103665	103665
103666	103666
103667	103667
103668	103668
103669	103669
103670	103670
103671	103671
103672	103672
103673	103673
103674	103674
103675	103675
103676	103676
103677	103677
103678	103678
103679	103679
103680	103680
103681	103681
103683	103683
103684	103684
103685	103685
103686	103686
103687	103687
103688	103688
103689	103689
103690	103690
103691	103691
103692	103692
103693	103693
103694	103694
103695	103695
103696	103696
103697	103697
103698	103698
103699	103699
103700	103700
103701	103701
103702	103702
103703	103703
103704	103704
103705	103705
103706	103706
103707	103707
103708	103708
103709	103709
103710	103710
103711	103711
103712	103712
103713	103713
103714	103714
103715	103715
103716	103716
103717	103717
103718	103718
103719	103719
103720	103720
103721	103721
103722	103722
103723	103723
103724	103724
103725	103725
103726	103726
103727	103727
103728	103728
103729	103729
103730	103730
103731	103731
103732	103732
103733	103733
103734	103734
103735	103735
103736	103736
103737	103737
103738	103738
103739	103739
103740	103740
103741	103741
103742	103742
103743	103743
103744	103744
103745	103745
103746	103746
103747	103747
103748	103748
103749	103749
103750	103750
103751	103751
103752	103752
103753	103753
103754	103754
103755	103755
103756	103756
103757	103757
103758	103758
103759	103759
103760	103760
103761	103761
103762	103762
103763	103763
103764	103764
103765	103765
103766	103766
103767	103767
103768	103768
103769	103769
103770	103770
103771	103771
103772	103772
103773	103773
103774	103774
103775	103775
103776	103776
103777	103777
103778	103778
103779	103779
103780	103780
103781	103781
103782	103782
103783	103783
103784	103784
103785	103785
103786	103786
103787	103787
103788	103788
103789	103789
103790	103790
103791	103791
103792	103792
103793	103793
103794	103794
103795	103795
103796	103796
103797	103797
103798	103798
103799	103799
103800	103800
103801	103801
103802	103802
103803	103803
103804	103804
103805	103805
103806	103806
103807	103807
103808	103808
103809	103809
103810	103810
103811	103811
103812	103812
103813	103813
103814	103814
103815	103815
103816	103816
103817	103817
103818	103818
103819	103819
103820	103820
103821	103821
103822	103822
103823	103823
103824	103824
103825	103825
103826	103826
103827	103827
103828	103828
103829	103829
103830	103830
103831	103831
103832	103832
103833	103833
103834	103834
103835	103835
103836	103836
103837	103837
103838	103838
103839	103839
103840	103840
103841	103841
103842	103842
103843	103843
103844	103844
103845	103845
103846	103846
103847	103847
103848	103848
103849	103849
103850	103850
103851	103851
103852	103852
103853	103853
103854	103854
103855	103855
103856	103856
103857	103857
103858	103858
103859	103859
103860	103860
103861	103861
103862	103862
103863	103863
103864	103864
103865	103865
103866	103866
103867	103867
103868	103868
103869	103869
103870	103870
103871	103871
103872	103872
103873	103873
103874	103874
103875	103875
103876	103876
103877	103877
103878	103878
103879	103879
103880	103880
103881	103881
103882	103882
103883	103883
103884	103884
103885	103885
103886	103886
103887	103887
103888	103888
103889	103889
103890	103890
103891	103891
103892	103892
103893	103893
103894	103894
103895	103895
103896	103896
103897	103897
103898	103898
103899	103899
103900	103900
103901	103901
103902	103902
103903	103903
103904	103904
103905	103905
103906	103906
103907	103907
103908	103908
103909	103909
103910	103910
103911	103911
103912	103912
103913	103913
103914	103914
103915	103915
103916	103916
103917	103917
103918	103918
103919	103919
103920	103920
103921	103921
103922	103922
103923	103923
103924	103924
103925	103925
103926	103926
103927	103927
103928	103928
103929	103929
103930	103930
103931	103931
103932	103932
103933	103933
103934	103934
103935	103935
103936	103936
103937	103937
103938	103938
103939	103939
103940	103940
103941	103941
103942	103942
103943	103943
103944	103944
103945	103945
103946	103946
103947	103947
103948	103948
103949	103949
103950	103950
103951	103951
103952	103952
103953	103953
103954	103954
103955	103955
103956	103956
103957	103957
103958	103958
103959	103959
103960	103960
103961	103961
103962	103962
103963	103963
103964	103964
103965	103965
103966	103966
103967	103967
103968	103968
103969	103969
103970	103970
103971	103971
103972	103972
103973	103973
103974	103974
103975	103975
103976	103976
103977	103977
103978	103978
103979	103979
103980	103980
103981	103981
103982	103982
103983	103983
103984	103984
103985	103985
103986	103986
103987	103987
103988	103988
103989	103989
103990	103990
103991	103991
103992	103992
103993	103993
103994	103994
103995	103995
103996	103996
103997	103997
103998	103998
103999	103999
104000	104000
104001	104001
104002	104002
104003	104003
104004	104004
104005	104005
104006	104006
104007	104007
104008	104008
104009	104009
104010	104010
104011	104011
104012	104012
104013	104013
104014	104014
104015	104015
104016	104016
104017	104017
104018	104018
104019	104019
104020	104020
104021	104021
104022	104022
104023	104023
104024	104024
104025	104025
104026	104026
104027	104027
104028	104028
104029	104029
104030	104030
104031	104031
104032	104032
104033	104033
104034	104034
104035	104035
104036	104036
104037	104037
104038	104038
104039	104039
104040	104040
104041	104041
104042	104042
104043	104043
104044	104044
104045	104045
104046	104046
104047	104047
104048	104048
104049	104049
104050	104050
104051	104051
104052	104052
104053	104053
104054	104054
104055	104055
104056	104056
104057	104057
104058	104058
104059	104059
104060	104060
104061	104061
104062	104062
104063	104063
104064	104064
104065	104065
104066	104066
104067	104067
104068	104068
104069	104069
104070	104070
104071	104071
104072	104072
104073	104073
104074	104074
104075	104075
104076	104076
104077	104077
104078	104078
104079	104079
104080	104080
104081	104081
104082	104082
104083	104083
104084	104084
104085	104085
104086	104086
104087	104087
104088	104088
104089	104089
104090	104090
104091	104091
104092	104092
104093	104093
104094	104094
104095	104095
104096	104096
104097	104097
104098	104098
104099	104099
104100	104100
104101	104101
104102	104102
104103	104103
104104	104104
104105	104105
104106	104106
104107	104107
104108	104108
104109	104109
104110	104110
104111	104111
104112	104112
104113	104113
104114	104114
104115	104115
104116	104116
104117	104117
104118	104118
104119	104119
104120	104120
104121	104121
104122	104122
104123	104123
104124	104124
104125	104125
104126	104126
104127	104127
104128	104128
104129	104129
104130	104130
104131	104131
104132	104132
104133	104133
104134	104134
104135	104135
104136	104136
104137	104137
104138	104138
104139	104139
104140	104140
104141	104141
104142	104142
104143	104143
104144	104144
104145	104145
104146	104146
104147	104147
104148	104148
104149	104149
104150	104150
104151	104151
104152	104152
104153	104153
104154	104154
104155	104155
104156	104156
104157	104157
104158	104158
104159	104159
104160	104160
104161	104161
104162	104162
104163	104163
104164	104164
104165	104165
104166	104166
104167	104167
104168	104168
104169	104169
104170	104170
104171	104171
104172	104172
104173	104173
104174	104174
104175	104175
104176	104176
104177	104177
104178	104178
104179	104179
104180	104180
104181	104181
104182	104182
104183	104183
104184	104184
104186	104186
104187	104187
104188	104188
104189	104189
104190	104190
104191	104191
104192	104192
104193	104193
104194	104194
104195	104195
104196	104196
104197	104197
104198	104198
104199	104199
104200	104200
104201	104201
104202	104202
104203	104203
104204	104204
104205	104205
104206	104206
104207	104207
104208	104208
104209	104209
104210	104210
104211	104211
104212	104212
104213	104213
104214	104214
104215	104215
104216	104216
104217	104217
104218	104218
104219	104219
104220	104220
104221	104221
104222	104222
104223	104223
104224	104224
104225	104225
104226	104226
104227	104227
104228	104228
104229	104229
104230	104230
104231	104231
104232	104232
104233	104233
104234	104234
104235	104235
104236	104236
104237	104237
104238	104238
104239	104239
104240	104240
104241	104241
104242	104242
104243	104243
104244	104244
104245	104245
104246	104246
104247	104247
104248	104248
104249	104249
104250	104250
104251	104251
104252	104252
104253	104253
104254	104254
104255	104255
104256	104256
104257	104257
104258	104258
104259	104259
104260	104260
104261	104261
104262	104262
104263	104263
104264	104264
104265	104265
104266	104266
104267	104267
104268	104268
104269	104269
104270	104270
104271	104271
104272	104272
104273	104273
104274	104274
104275	104275
104276	104276
104277	104277
104278	104278
104279	104279
104280	104280
104281	104281
104282	104282
104283	104283
104284	104284
104285	104285
104286	104286
104287	104287
104288	104288
104289	104289
104290	104290
104291	104291
104292	104292
104293	104293
104294	104294
104295	104295
104296	104296
104297	104297
104298	104298
104299	104299
104300	104300
104301	104301
104302	104302
104303	104303
104304	104304
104305	104305
104306	104306
104307	104307
104308	104308
104309	104309
104310	104310
104311	104311
104312	104312
104313	104313
104314	104314
104315	104315
104316	104316
104317	104317
104318	104318
104319	104319
104320	104320
104321	104321
104322	104322
104323	104323
104324	104324
104325	104325
104326	104326
104327	104327
104328	104328
104329	104329
104330	104330
104331	104331
104332	104332
104333	104333
104334	104334
104335	104335
104336	104336
104337	104337
104338	104338
104339	104339
104340	104340
104341	104341
104342	104342
104343	104343
104344	104344
104345	104345
104346	104346
104347	104347
104348	104348
104349	104349
104350	104350
104351	104351
104352	104352
104353	104353
104354	104354
104355	104355
104356	104356
104357	104357
104358	104358
104359	104359
104360	104360
104361	104361
104362	104362
104363	104363
104364	104364
104365	104365
104366	104366
104367	104367
104368	104368
104369	104369
104370	104370
104371	104371
104372	104372
104373	104373
104374	104374
104375	104375
104376	104376
104377	104377
104378	104378
104379	104379
104380	104380
104381	104381
104382	104382
104383	104383
104384	104384
104385	104385
104386	104386
104387	104387
104388	104388
104389	104389
104390	104390
104391	104391
104392	104392
104393	104393
104394	104394
104395	104395
104396	104396
104397	104397
104398	104398
104399	104399
104400	104400
104401	104401
104402	104402
104403	104403
104404	104404
104405	104405
104406	104406
104407	104407
104408	104408
104409	104409
104410	104410
104411	104411
104412	104412
104413	104413
104414	104414
104415	104415
104416	104416
104417	104417
104418	104418
104419	104419
104420	104420
104421	104421
104422	104422
104423	104423
104424	104424
104425	104425
104426	104426
104427	104427
104428	104428
104429	104429
104430	104430
104431	104431
104432	104432
104433	104433
104434	104434
104435	104435
104436	104436
104437	104437
104438	104438
104439	104439
104440	104440
104441	104441
104442	104442
104443	104443
104444	104444
104445	104445
104446	104446
104447	104447
104448	104448
104449	104449
104450	104450
104451	104451
104452	104452
104453	104453
104454	104454
104455	104455
104456	104456
104457	104457
104458	104458
104459	104459
104460	104460
104461	104461
104462	104462
104463	104463
104464	104464
104465	104465
104466	104466
104467	104467
104468	104468
104469	104469
104470	104470
104471	104471
104472	104472
104473	104473
104474	104474
104475	104475
104476	104476
104477	104477
104478	104478
104479	104479
104480	104480
104481	104481
104482	104482
104483	104483
104484	104484
104485	104485
104486	104486
104487	104487
104488	104488
104489	104489
104490	104490
104491	104491
104492	104492
104493	104493
104494	104494
104495	104495
104496	104496
104497	104497
104498	104498
104499	104499
104500	104500
104501	104501
104502	104502
104503	104503
104504	104504
104505	104505
104506	104506
104507	104507
104508	104508
104509	104509
104510	104510
104511	104511
104512	104512
104513	104513
104514	104514
104515	104515
104516	104516
104517	104517
104518	104518
104519	104519
104520	104520
104521	104521
104522	104522
104523	104523
104524	104524
104525	104525
104526	104526
104527	104527
104528	104528
104529	104529
104530	104530
104531	104531
104532	104532
104533	104533
104534	104534
104535	104535
104536	104536
104537	104537
104538	104538
104539	104539
104540	104540
104541	104541
104542	104542
104543	104543
104544	104544
104545	104545
104546	104546
104547	104547
104548	104548
104549	104549
104550	104550
104551	104551
104552	104552
104553	104553
104554	104554
104555	104555
104556	104556
104557	104557
104558	104558
104559	104559
104560	104560
104561	104561
104562	104562
104563	104563
104564	104564
104565	104565
104566	104566
104567	104567
104568	104568
104569	104569
104570	104570
104571	104571
104572	104572
104573	104573
104574	104574
104575	104575
104576	104576
104577	104577
104578	104578
104579	104579
104580	104580
104581	104581
104582	104582
104583	104583
104584	104584
104585	104585
104586	104586
104587	104587
104588	104588
104589	104589
104590	104590
104591	104591
104592	104592
104593	104593
104594	104594
104595	104595
104596	104596
104597	104597
104598	104598
104599	104599
104600	104600
104601	104601
104602	104602
104603	104603
104604	104604
104605	104605
104606	104606
104607	104607
104608	104608
104609	104609
104610	104610
104611	104611
104612	104612
104613	104613
104614	104614
104615	104615
104616	104616
104617	104617
104618	104618
104619	104619
104620	104620
104621	104621
104622	104622
104623	104623
104624	104624
104625	104625
104626	104626
104627	104627
104628	104628
104629	104629
104630	104630
104631	104631
104632	104632
104633	104633
104634	104634
104635	104635
104636	104636
104637	104637
104638	104638
104639	104639
104640	104640
104641	104641
104642	104642
104643	104643
104644	104644
104645	104645
104646	104646
104647	104647
104648	104648
104649	104649
104650	104650
104651	104651
104652	104652
104653	104653
104654	104654
104655	104655
104656	104656
104657	104657
104658	104658
104659	104659
104660	104660
104661	104661
104662	104662
104663	104663
104664	104664
104665	104665
104666	104666
104667	104667
104668	104668
104669	104669
104670	104670
104671	104671
104672	104672
104673	104673
104674	104674
104675	104675
104676	104676
104677	104677
104678	104678
104679	104679
104680	104680
104681	104681
104682	104682
104683	104683
104684	104684
104685	104685
104686	104686
104687	104687
104688	104688
104689	104689
104690	104690
104691	104691
104692	104692
104693	104693
104694	104694
104695	104695
104696	104696
104697	104697
104698	104698
104699	104699
104700	104700
104701	104701
104702	104702
104703	104703
104704	104704
104705	104705
104706	104706
104707	104707
104708	104708
104709	104709
104710	104710
104711	104711
104712	104712
104713	104713
104714	104714
104715	104715
104716	104716
104717	104717
104718	104718
104719	104719
104720	104720
104721	104721
104722	104722
104723	104723
104724	104724
104725	104725
104726	104726
104727	104727
104728	104728
104729	104729
104730	104730
104731	104731
104732	104732
104733	104733
104734	104734
104735	104735
104736	104736
104737	104737
104738	104738
104739	104739
104740	104740
104741	104741
104742	104742
104743	104743
104744	104744
104745	104745
104746	104746
104747	104747
104748	104748
104749	104749
104750	104750
104751	104751
104752	104752
104753	104753
104754	104754
104755	104755
104756	104756
104757	104757
104758	104758
104759	104759
104760	104760
104761	104761
104762	104762
104763	104763
104764	104764
104765	104765
104766	104766
104767	104767
104768	104768
104769	104769
104770	104770
104771	104771
104772	104772
104773	104773
104774	104774
104775	104775
104776	104776
104777	104777
104778	104778
104779	104779
104780	104780
104781	104781
104782	104782
104783	104783
104784	104784
104785	104785
104786	104786
104787	104787
104788	104788
104789	104789
104790	104790
104791	104791
104792	104792
104793	104793
104794	104794
104795	104795
104796	104796
104797	104797
104798	104798
104799	104799
104800	104800
104801	104801
104802	104802
104803	104803
104804	104804
104805	104805
104806	104806
104807	104807
104808	104808
104809	104809
104810	104810
104811	104811
104812	104812
104813	104813
104814	104814
104815	104815
104816	104816
104817	104817
104818	104818
104819	104819
104820	104820
104821	104821
104822	104822
104823	104823
104824	104824
104825	104825
104826	104826
104827	104827
104828	104828
104829	104829
104830	104830
104831	104831
104832	104832
104833	104833
104834	104834
104835	104835
104836	104836
104837	104837
104838	104838
104839	104839
104840	104840
104841	104841
104842	104842
104843	104843
104844	104844
104845	104845
104846	104846
104847	104847
104848	104848
104849	104849
104850	104850
104851	104851
104852	104852
104853	104853
104854	104854
104855	104855
104856	104856
104857	104857
104858	104858
104859	104859
104860	104860
104861	104861
104862	104862
104863	104863
104864	104864
104865	104865
104866	104866
104867	104867
104868	104868
104869	104869
104870	104870
104871	104871
104872	104872
104873	104873
104874	104874
104875	104875
104876	104876
104877	104877
104878	104878
104879	104879
104880	104880
104881	104881
104882	104882
104883	104883
104884	104884
104885	104885
104886	104886
104887	104887
104888	104888
104889	104889
104890	104890
104891	104891
104892	104892
104893	104893
104894	104894
104895	104895
104896	104896
104897	104897
104898	104898
104899	104899
104900	104900
104901	104901
104902	104902
104903	104903
104904	104904
104905	104905
104906	104906
104907	104907
104908	104908
104909	104909
104910	104910
104911	104911
104912	104912
104913	104913
104914	104914
104916	104916
104917	104917
104918	104918
104919	104919
104920	104920
104921	104921
104922	104922
104923	104923
104924	104924
104925	104925
104926	104926
104927	104927
104928	104928
104929	104929
104930	104930
104931	104931
104932	104932
104933	104933
104934	104934
104935	104935
104936	104936
104937	104937
104938	104938
104939	104939
104940	104940
104941	104941
104942	104942
104943	104943
104944	104944
104945	104945
104946	104946
104947	104947
104948	104948
104949	104949
104950	104950
104951	104951
104952	104952
104953	104953
104954	104954
104955	104955
104956	104956
104957	104957
104958	104958
104959	104959
104960	104960
104961	104961
104962	104962
104963	104963
104964	104964
104965	104965
104966	104966
104967	104967
104968	104968
104969	104969
104970	104970
104971	104971
104972	104972
104973	104973
104974	104974
104975	104975
104976	104976
104977	104977
104978	104978
104979	104979
104980	104980
104981	104981
104982	104982
104983	104983
104984	104984
104985	104985
104986	104986
104987	104987
104988	104988
104989	104989
104990	104990
104991	104991
104992	104992
104993	104993
104994	104994
104995	104995
104996	104996
104997	104997
104998	104998
104999	104999
105000	105000
105001	105001
105002	105002
105003	105003
105004	105004
105005	105005
105006	105006
105007	105007
105008	105008
105009	105009
105010	105010
105011	105011
105012	105012
105013	105013
105014	105014
105015	105015
105016	105016
105017	105017
105018	105018
105019	105019
105020	105020
105021	105021
105022	105022
105023	105023
105024	105024
105025	105025
105026	105026
105027	105027
105028	105028
105029	105029
105030	105030
105031	105031
105032	105032
105033	105033
105034	105034
105035	105035
105036	105036
105037	105037
105038	105038
105039	105039
105040	105040
105041	105041
105042	105042
105043	105043
105044	105044
105045	105045
105046	105046
105047	105047
105048	105048
105049	105049
105050	105050
105051	105051
105052	105052
105053	105053
105054	105054
105055	105055
105056	105056
105057	105057
105058	105058
105059	105059
105060	105060
105061	105061
105062	105062
105063	105063
105064	105064
105065	105065
105066	105066
105067	105067
105068	105068
105069	105069
105070	105070
105071	105071
105072	105072
105073	105073
105074	105074
105075	105075
105076	105076
105077	105077
105078	105078
105079	105079
105080	105080
105081	105081
105082	105082
105083	105083
105084	105084
105085	105085
105086	105086
105087	105087
105088	105088
105089	105089
105090	105090
105091	105091
105092	105092
105093	105093
105094	105094
105095	105095
105096	105096
105097	105097
105098	105098
105099	105099
105100	105100
105101	105101
105102	105102
105103	105103
105104	105104
105105	105105
105106	105106
105107	105107
105108	105108
105109	105109
105110	105110
105111	105111
105112	105112
105113	105113
105114	105114
105115	105115
105116	105116
105117	105117
105118	105118
105119	105119
105120	105120
105121	105121
105122	105122
105123	105123
105124	105124
105125	105125
105126	105126
105127	105127
105128	105128
105129	105129
105130	105130
105131	105131
105132	105132
105133	105133
105134	105134
105135	105135
105136	105136
105137	105137
105138	105138
105139	105139
105140	105140
105141	105141
105142	105142
105143	105143
105144	105144
105145	105145
105146	105146
105147	105147
105148	105148
105149	105149
105150	105150
105151	105151
105152	105152
105153	105153
105154	105154
105155	105155
105156	105156
105157	105157
105158	105158
105159	105159
105161	105161
105162	105162
105163	105163
105164	105164
105165	105165
105166	105166
105167	105167
105168	105168
105169	105169
105170	105170
105171	105171
105172	105172
105173	105173
105174	105174
105175	105175
105176	105176
105177	105177
105178	105178
105179	105179
105180	105180
105181	105181
105182	105182
105183	105183
105184	105184
105185	105185
105186	105186
105187	105187
105188	105188
105189	105189
105190	105190
105191	105191
105192	105192
105193	105193
105194	105194
105195	105195
105196	105196
105197	105197
105198	105198
105199	105199
105200	105200
105201	105201
105202	105202
105203	105203
105204	105204
105205	105205
105206	105206
105207	105207
105208	105208
105209	105209
105210	105210
105211	105211
105212	105212
105213	105213
105214	105214
105215	105215
105216	105216
105217	105217
105218	105218
105219	105219
105220	105220
105221	105221
105222	105222
105223	105223
105224	105224
105225	105225
105226	105226
105227	105227
105228	105228
105229	105229
105230	105230
105231	105231
105232	105232
105233	105233
105234	105234
105235	105235
105236	105236
105237	105237
105238	105238
105239	105239
105241	105241
105242	105242
105243	105243
105244	105244
105245	105245
105246	105246
105247	105247
105248	105248
105249	105249
105250	105250
105251	105251
105252	105252
105253	105253
105254	105254
105255	105255
105256	105256
105257	105257
105258	105258
105259	105259
105260	105260
105261	105261
105262	105262
105263	105263
105264	105264
105265	105265
105266	105266
105267	105267
105268	105268
105269	105269
105270	105270
105271	105271
105272	105272
105273	105273
105274	105274
105275	105275
105276	105276
105277	105277
105278	105278
105279	105279
105280	105280
105281	105281
105282	105282
105283	105283
105284	105284
105285	105285
105286	105286
105287	105287
105288	105288
105289	105289
105290	105290
105291	105291
105292	105292
105293	105293
105294	105294
105295	105295
105296	105296
105297	105297
105298	105298
105299	105299
105300	105300
105301	105301
105302	105302
105303	105303
105304	105304
105305	105305
105306	105306
105307	105307
105308	105308
105309	105309
105310	105310
105311	105311
105312	105312
105313	105313
105314	105314
105315	105315
105316	105316
105317	105317
105318	105318
105319	105319
105320	105320
105322	105322
105323	105323
105324	105324
105325	105325
105326	105326
105327	105327
105328	105328
105329	105329
105330	105330
105331	105331
105332	105332
105333	105333
105334	105334
105335	105335
105336	105336
105337	105337
105338	105338
105339	105339
105340	105340
105341	105341
105342	105342
105343	105343
105344	105344
105345	105345
105346	105346
105347	105347
105348	105348
105349	105349
105350	105350
105351	105351
105352	105352
105353	105353
105354	105354
105355	105355
105356	105356
105357	105357
105358	105358
105359	105359
105360	105360
105361	105361
105362	105362
105363	105363
105364	105364
105365	105365
105366	105366
105367	105367
105368	105368
105369	105369
105370	105370
105371	105371
105372	105372
105373	105373
105374	105374
105375	105375
105376	105376
105377	105377
105378	105378
105379	105379
105380	105380
105381	105381
105382	105382
105383	105383
105384	105384
105385	105385
105386	105386
105387	105387
105388	105388
105389	105389
105390	105390
105391	105391
105392	105392
105393	105393
105394	105394
105395	105395
105396	105396
105397	105397
105398	105398
105399	105399
105400	105400
105401	105401
105402	105402
105403	105403
105404	105404
105405	105405
105406	105406
105407	105407
105408	105408
105409	105409
105410	105410
105411	105411
105412	105412
105413	105413
105414	105414
105415	105415
105416	105416
105417	105417
105418	105418
105419	105419
105420	105420
105421	105421
105422	105422
105423	105423
105424	105424
105425	105425
105426	105426
105427	105427
105428	105428
105429	105429
105430	105430
105431	105431
105432	105432
105433	105433
105434	105434
105435	105435
105436	105436
105437	105437
105438	105438
105439	105439
105440	105440
105441	105441
105442	105442
105443	105443
105444	105444
105445	105445
105446	105446
105447	105447
105448	105448
105449	105449
105450	105450
105451	105451
105452	105452
105453	105453
105454	105454
105455	105455
105456	105456
105457	105457
105458	105458
105459	105459
105460	105460
105461	105461
105462	105462
105463	105463
105464	105464
105465	105465
105466	105466
105467	105467
105468	105468
105469	105469
105470	105470
105471	105471
105472	105472
105473	105473
105474	105474
105475	105475
105476	105476
105477	105477
105478	105478
105479	105479
105480	105480
105481	105481
105482	105482
105483	105483
105484	105484
105485	105485
105486	105486
105487	105487
105488	105488
105489	105489
105490	105490
105491	105491
105492	105492
105493	105493
105494	105494
105495	105495
105496	105496
105497	105497
105498	105498
105499	105499
105500	105500
105501	105501
105502	105502
105503	105503
105504	105504
105505	105505
105506	105506
105507	105507
105508	105508
105509	105509
105510	105510
105511	105511
105512	105512
105513	105513
105514	105514
105515	105515
105516	105516
105517	105517
105518	105518
105519	105519
105520	105520
105521	105521
105522	105522
105523	105523
105524	105524
105525	105525
105526	105526
105527	105527
105528	105528
105529	105529
105530	105530
105531	105531
105532	105532
105533	105533
105534	105534
105535	105535
105536	105536
105537	105537
105538	105538
105539	105539
105540	105540
105541	105541
105542	105542
105543	105543
105544	105544
105545	105545
105546	105546
105547	105547
105548	105548
105549	105549
105550	105550
105551	105551
105552	105552
105553	105553
105554	105554
105555	105555
105556	105556
105557	105557
105558	105558
105559	105559
105560	105560
105561	105561
105562	105562
105563	105563
105564	105564
105565	105565
105566	105566
105567	105567
105568	105568
105569	105569
105570	105570
105571	105571
105572	105572
105573	105573
105574	105574
105575	105575
105576	105576
105577	105577
105578	105578
105579	105579
105580	105580
105581	105581
105582	105582
105583	105583
105584	105584
105585	105585
105586	105586
105587	105587
105588	105588
105589	105589
105590	105590
105591	105591
105592	105592
105593	105593
105594	105594
105595	105595
105596	105596
105597	105597
105598	105598
105599	105599
105600	105600
105601	105601
105602	105602
105603	105603
105604	105604
105605	105605
105606	105606
105607	105607
105608	105608
105609	105609
105610	105610
105611	105611
105612	105612
105613	105613
105614	105614
105615	105615
105616	105616
105617	105617
105618	105618
105619	105619
105620	105620
105621	105621
105622	105622
105623	105623
105624	105624
105625	105625
105626	105626
105627	105627
105628	105628
105629	105629
105630	105630
105631	105631
105632	105632
105633	105633
105634	105634
105635	105635
105636	105636
105637	105637
105638	105638
105639	105639
105640	105640
105641	105641
105642	105642
105643	105643
105644	105644
105645	105645
105646	105646
105647	105647
105648	105648
105649	105649
105650	105650
105651	105651
105652	105652
105653	105653
105654	105654
105655	105655
105656	105656
105657	105657
105658	105658
105659	105659
105660	105660
105661	105661
105662	105662
105663	105663
105664	105664
105665	105665
105666	105666
105667	105667
105668	105668
105669	105669
105670	105670
105671	105671
105672	105672
105673	105673
105674	105674
105675	105675
105676	105676
105677	105677
105678	105678
105679	105679
105680	105680
105681	105681
105682	105682
105683	105683
105684	105684
105685	105685
105686	105686
105687	105687
105688	105688
105689	105689
105690	105690
105691	105691
105692	105692
105693	105693
105694	105694
105695	105695
105696	105696
105697	105697
105698	105698
105699	105699
105700	105700
105701	105701
105702	105702
105703	105703
105704	105704
105705	105705
105706	105706
105707	105707
105708	105708
105709	105709
105710	105710
105711	105711
105712	105712
105713	105713
105714	105714
105715	105715
105716	105716
105717	105717
105718	105718
105719	105719
105720	105720
105721	105721
105722	105722
105723	105723
105724	105724
105725	105725
105726	105726
105727	105727
105728	105728
105729	105729
105730	105730
105731	105731
105732	105732
105733	105733
105734	105734
105735	105735
105736	105736
105737	105737
105738	105738
105739	105739
105740	105740
105741	105741
105742	105742
105743	105743
105744	105744
105745	105745
105746	105746
105747	105747
105748	105748
105749	105749
105750	105750
105751	105751
105752	105752
105753	105753
105754	105754
105755	105755
105756	105756
105757	105757
105758	105758
105759	105759
105760	105760
105761	105761
105762	105762
105763	105763
105764	105764
105765	105765
105766	105766
105767	105767
105768	105768
105769	105769
105770	105770
105771	105771
105772	105772
105773	105773
105774	105774
105778	105778
105779	105779
105782	105782
105787	105787
105788	105788
105794	105794
105795	105795
105799	105799
105801	105801
105803	105803
105805	105805
105806	105806
105808	105808
105811	105811
105812	105812
105816	105816
105817	105817
105820	105820
105821	105821
105823	105823
105825	105825
105826	105826
105827	105827
105830	105830
105831	105831
105835	105835
105839	105839
105840	105840
105841	105841
105843	105843
105845	105845
105847	105847
105848	105848
105849	105849
105850	105850
105851	105851
105852	105852
105853	105853
105856	105856
105857	105857
105859	105859
105861	105861
105862	105862
105863	105863
105869	105869
105872	105872
105874	105874
105876	105876
105877	105877
105878	105878
105879	105879
105883	105883
105887	105887
105894	105894
105897	105897
105922	105922
105929	105929
105942	105942
105943	105943
105945	105945
105948	105948
105949	105949
105950	105950
105951	105951
105952	105952
105953	105953
105954	105954
105955	105955
105956	105956
105957	105957
105958	105958
105959	105959
105960	105960
105961	105961
105962	105962
105963	105963
105964	105964
105965	105965
105966	105966
105967	105967
105968	105968
105969	105969
105970	105970
105971	105971
105972	105972
105973	105973
105974	105974
105975	105975
105976	105976
105977	105977
105978	105978
105979	105979
105980	105980
105981	105981
105982	105982
105983	105983
105984	105984
105985	105985
105986	105986
105987	105987
105988	105988
105989	105989
105990	105990
105991	105991
105992	105992
105993	105993
105994	105994
105995	105995
105996	105996
105997	105997
105998	105998
105999	105999
106000	106000
106001	106001
106002	106002
106003	106003
106004	106004
106005	106005
106006	106006
106007	106007
106008	106008
106009	106009
106010	106010
106011	106011
106012	106012
106013	106013
106014	106014
106015	106015
106016	106016
106017	106017
106018	106018
106019	106019
106020	106020
106021	106021
106022	106022
106023	106023
106024	106024
106025	106025
106026	106026
106027	106027
106028	106028
106029	106029
106030	106030
106031	106031
106032	106032
106033	106033
106034	106034
106035	106035
106036	106036
106037	106037
106038	106038
106039	106039
106040	106040
106041	106041
106042	106042
106043	106043
106044	106044
106045	106045
106046	106046
106047	106047
106048	106048
106049	106049
106050	106050
106051	106051
106052	106052
106053	106053
106054	106054
106055	106055
106056	106056
106057	106057
106058	106058
106059	106059
106060	106060
106061	106061
106062	106062
106063	106063
106064	106064
106065	106065
106066	106066
106067	106067
106068	106068
106069	106069
106070	106070
106071	106071
106072	106072
106073	106073
106074	106074
106075	106075
106076	106076
106077	106077
106078	106078
106079	106079
106080	106080
106081	106081
106082	106082
106083	106083
106084	106084
106085	106085
106086	106086
106087	106087
106088	106088
106089	106089
106090	106090
106091	106091
106092	106092
106093	106093
106094	106094
106095	106095
106096	106096
106097	106097
106098	106098
106099	106099
106100	106100
106101	106101
106102	106102
106103	106103
106104	106104
106105	106105
106106	106106
106107	106107
106108	106108
106109	106109
106110	106110
106111	106111
106112	106112
106113	106113
106114	106114
106115	106115
106116	106116
106117	106117
106118	106118
106119	106119
106120	106120
106121	106121
106122	106122
106123	106123
106124	106124
106125	106125
106126	106126
106127	106127
106128	106128
106129	106129
106130	106130
106131	106131
106132	106132
106133	106133
106134	106134
106135	106135
106136	106136
106137	106137
106138	106138
106139	106139
106140	106140
106141	106141
106142	106142
106143	106143
106144	106144
106145	106145
106146	106146
106147	106147
106148	106148
106149	106149
106150	106150
106151	106151
106152	106152
106153	106153
106154	106154
106155	106155
106156	106156
106157	106157
106158	106158
106159	106159
106160	106160
106161	106161
106162	106162
106163	106163
106164	106164
106165	106165
106166	106166
106167	106167
106168	106168
106169	106169
106170	106170
106171	106171
106172	106172
106173	106173
106174	106174
106175	106175
106176	106176
106177	106177
106178	106178
106179	106179
106180	106180
106181	106181
106182	106182
106183	106183
106184	106184
106185	106185
106186	106186
106187	106187
106188	106188
106189	106189
106190	106190
106191	106191
106192	106192
106193	106193
106194	106194
106195	106195
106196	106196
106197	106197
106198	106198
106199	106199
106200	106200
106201	106201
106202	106202
106203	106203
106204	106204
106205	106205
106206	106206
106207	106207
106208	106208
106209	106209
106210	106210
106211	106211
106212	106212
106213	106213
106214	106214
106215	106215
106216	106216
106217	106217
106218	106218
106219	106219
106220	106220
106221	106221
106222	106222
106223	106223
106224	106224
106225	106225
106226	106226
106227	106227
106228	106228
106229	106229
106230	106230
106231	106231
106232	106232
106233	106233
106234	106234
106235	106235
106236	106236
106237	106237
106238	106238
106239	106239
106240	106240
106241	106241
106242	106242
106243	106243
106244	106244
106245	106245
106246	106246
106247	106247
106248	106248
106249	106249
106250	106250
106251	106251
106252	106252
106253	106253
106254	106254
106255	106255
106256	106256
106257	106257
106258	106258
106259	106259
106260	106260
106261	106261
106262	106262
106263	106263
106264	106264
106265	106265
106266	106266
106267	106267
106268	106268
106269	106269
106270	106270
106271	106271
106272	106272
106273	106273
106274	106274
106275	106275
106276	106276
106277	106277
106278	106278
106279	106279
106280	106280
106281	106281
106282	106282
106283	106283
106284	106284
106285	106285
106286	106286
106287	106287
106288	106288
106289	106289
106290	106290
106291	106291
106292	106292
106293	106293
106294	106294
106295	106295
106296	106296
106297	106297
106298	106298
106299	106299
106300	106300
106301	106301
106302	106302
106303	106303
106304	106304
106305	106305
106306	106306
106307	106307
106308	106308
106309	106309
106310	106310
106311	106311
106312	106312
106313	106313
106314	106314
106315	106315
106316	106316
106317	106317
106318	106318
106319	106319
106320	106320
106321	106321
106322	106322
106323	106323
106324	106324
106325	106325
106326	106326
106327	106327
106328	106328
106329	106329
106330	106330
106331	106331
106332	106332
106333	106333
106334	106334
106335	106335
106336	106336
106337	106337
106338	106338
106339	106339
106340	106340
106341	106341
106342	106342
106343	106343
106344	106344
106345	106345
106346	106346
106347	106347
106348	106348
106349	106349
106350	106350
106351	106351
106352	106352
106353	106353
106354	106354
106355	106355
106356	106356
106357	106357
106358	106358
106359	106359
106360	106360
106361	106361
106362	106362
106363	106363
106364	106364
106365	106365
106366	106366
106367	106367
106368	106368
106369	106369
106370	106370
106371	106371
106372	106372
106373	106373
106374	106374
106375	106375
106376	106376
106377	106377
106378	106378
106379	106379
106380	106380
106381	106381
106382	106382
106383	106383
106384	106384
106385	106385
106386	106386
106387	106387
106388	106388
106389	106389
106390	106390
106391	106391
106392	106392
106393	106393
106394	106394
106395	106395
106396	106396
106397	106397
106398	106398
106399	106399
106400	106400
106401	106401
106402	106402
106403	106403
106404	106404
106405	106405
106406	106406
106407	106407
106408	106408
106409	106409
106410	106410
106411	106411
106412	106412
106413	106413
106414	106414
106415	106415
106416	106416
106417	106417
106418	106418
106419	106419
106420	106420
106421	106421
106422	106422
106423	106423
106424	106424
106425	106425
106426	106426
106427	106427
106428	106428
106429	106429
106430	106430
106431	106431
106432	106432
106433	106433
106434	106434
106435	106435
106436	106436
106437	106437
106438	106438
106439	106439
106440	106440
106441	106441
106442	106442
106443	106443
106444	106444
106445	106445
106446	106446
106447	106447
106448	106448
106449	106449
106450	106450
106451	106451
106452	106452
106453	106453
106454	106454
106455	106455
106456	106456
106457	106457
106458	106458
106459	106459
106460	106460
106461	106461
106462	106462
106463	106463
106464	106464
106465	106465
106466	106466
106467	106467
106468	106468
106469	106469
106470	106470
106471	106471
106472	106472
106473	106473
106474	106474
106475	106475
106476	106476
106477	106477
106478	106478
106479	106479
106480	106480
106481	106481
106482	106482
106483	106483
106484	106484
106485	106485
106486	106486
106487	106487
106488	106488
106489	106489
106490	106490
106491	106491
106492	106492
106493	106493
106494	106494
106495	106495
106496	106496
106497	106497
106498	106498
106499	106499
106500	106500
106501	106501
106502	106502
106503	106503
106504	106504
106505	106505
106506	106506
106507	106507
106508	106508
106509	106509
106510	106510
106511	106511
106512	106512
106513	106513
106514	106514
106515	106515
106516	106516
106517	106517
106518	106518
106519	106519
106520	106520
106521	106521
106522	106522
106523	106523
106525	106525
106526	106526
106527	106527
106528	106528
106529	106529
106530	106530
106531	106531
106532	106532
106533	106533
106534	106534
106535	106535
106536	106536
106537	106537
106538	106538
106539	106539
106540	106540
106541	106541
106542	106542
106543	106543
106544	106544
106545	106545
106546	106546
106547	106547
106548	106548
106549	106549
106550	106550
106551	106551
106552	106552
106553	106553
106554	106554
106555	106555
106556	106556
106557	106557
106558	106558
106559	106559
106560	106560
106561	106561
106562	106562
106563	106563
106564	106564
106565	106565
106566	106566
106567	106567
106568	106568
106569	106569
106570	106570
106571	106571
106572	106572
106573	106573
106574	106574
106575	106575
106576	106576
106577	106577
106578	106578
106579	106579
106580	106580
106581	106581
106582	106582
106583	106583
106584	106584
106585	106585
106586	106586
106587	106587
106588	106588
106589	106589
106590	106590
106591	106591
106592	106592
106593	106593
106594	106594
106595	106595
106596	106596
106597	106597
106598	106598
106599	106599
106600	106600
106601	106601
106602	106602
106603	106603
106604	106604
106605	106605
106606	106606
106607	106607
106608	106608
106609	106609
106610	106610
106611	106611
106612	106612
106613	106613
106614	106614
106615	106615
106616	106616
106617	106617
106618	106618
106619	106619
106620	106620
106621	106621
106622	106622
106623	106623
106624	106624
106625	106625
106626	106626
106627	106627
106628	106628
106629	106629
106630	106630
106631	106631
106632	106632
106633	106633
106634	106634
106635	106635
106636	106636
106637	106637
106638	106638
106639	106639
106640	106640
106641	106641
106642	106642
106643	106643
106644	106644
106645	106645
106646	106646
106647	106647
106648	106648
106649	106649
106650	106650
106651	106651
106652	106652
106653	106653
106654	106654
106655	106655
106656	106656
106657	106657
106658	106658
106659	106659
106660	106660
106661	106661
106662	106662
106663	106663
106664	106664
106665	106665
106666	106666
106667	106667
106668	106668
106669	106669
106670	106670
106671	106671
106672	106672
106673	106673
106674	106674
106675	106675
106676	106676
106677	106677
106678	106678
106679	106679
106680	106680
106681	106681
106682	106682
106683	106683
106684	106684
106685	106685
106686	106686
106687	106687
106688	106688
106689	106689
106690	106690
106691	106691
106692	106692
106693	106693
106694	106694
106695	106695
106696	106696
106697	106697
106698	106698
106699	106699
106700	106700
106701	106701
106702	106702
106703	106703
106704	106704
106705	106705
106706	106706
106707	106707
106708	106708
106709	106709
106710	106710
106711	106711
106712	106712
106713	106713
106714	106714
106715	106715
106716	106716
106717	106717
106718	106718
106719	106719
106720	106720
106721	106721
106722	106722
106723	106723
106724	106724
106725	106725
106726	106726
106727	106727
106728	106728
106729	106729
106730	106730
106731	106731
106732	106732
106733	106733
106734	106734
106735	106735
106736	106736
106737	106737
106738	106738
106739	106739
106740	106740
106741	106741
106742	106742
106743	106743
106744	106744
106745	106745
106746	106746
106747	106747
106748	106748
106749	106749
106750	106750
106751	106751
106752	106752
106753	106753
106754	106754
106755	106755
106756	106756
106757	106757
106758	106758
106759	106759
106760	106760
106761	106761
106762	106762
106763	106763
106764	106764
106765	106765
106766	106766
106767	106767
106768	106768
106769	106769
106770	106770
106771	106771
106772	106772
106773	106773
106774	106774
106775	106775
106776	106776
106777	106777
106778	106778
106779	106779
106780	106780
106781	106781
106782	106782
106783	106783
106784	106784
106785	106785
106786	106786
106787	106787
106788	106788
106789	106789
106790	106790
106791	106791
106792	106792
106793	106793
106794	106794
106795	106795
106796	106796
106797	106797
106798	106798
106799	106799
106800	106800
106801	106801
106802	106802
106803	106803
106804	106804
106805	106805
106806	106806
106807	106807
106808	106808
106809	106809
106810	106810
106811	106811
106812	106812
106813	106813
106814	106814
106815	106815
106816	106816
106817	106817
106818	106818
106819	106819
106820	106820
106821	106821
106822	106822
106823	106823
106824	106824
106825	106825
106826	106826
106827	106827
106828	106828
106829	106829
106830	106830
106831	106831
106832	106832
106833	106833
106834	106834
106835	106835
106836	106836
106837	106837
106838	106838
106839	106839
106840	106840
106841	106841
106842	106842
106843	106843
106844	106844
106845	106845
106846	106846
106847	106847
106848	106848
106849	106849
106850	106850
106851	106851
106852	106852
106853	106853
106854	106854
106855	106855
106856	106856
106857	106857
106858	106858
106859	106859
106860	106860
106861	106861
106862	106862
106863	106863
106864	106864
106865	106865
106866	106866
106867	106867
106868	106868
106869	106869
106870	106870
106871	106871
106872	106872
106873	106873
106874	106874
106875	106875
106876	106876
106877	106877
106878	106878
106879	106879
106880	106880
106881	106881
106882	106882
106883	106883
106884	106884
106885	106885
106886	106886
106887	106887
106888	106888
106889	106889
106890	106890
106891	106891
106892	106892
106893	106893
106894	106894
106895	106895
106896	106896
106897	106897
106898	106898
106899	106899
106900	106900
106901	106901
106902	106902
106903	106903
106904	106904
106905	106905
106906	106906
106907	106907
106908	106908
106909	106909
106910	106910
106911	106911
106912	106912
106913	106913
106914	106914
106915	106915
106916	106916
106917	106917
106918	106918
106919	106919
106920	106920
106921	106921
106922	106922
106923	106923
106924	106924
106925	106925
106926	106926
106927	106927
106928	106928
106929	106929
106931	106931
106932	106932
106933	106933
106934	106934
106935	106935
106936	106936
106937	106937
106938	106938
106939	106939
106940	106940
106941	106941
106942	106942
106943	106943
106944	106944
106945	106945
106946	106946
106947	106947
106948	106948
106949	106949
106950	106950
106951	106951
106952	106952
106953	106953
106954	106954
106955	106955
106956	106956
106957	106957
106958	106958
106959	106959
106960	106960
106961	106961
106962	106962
106963	106963
106964	106964
106965	106965
106966	106966
106967	106967
106968	106968
106969	106969
106970	106970
106971	106971
106972	106972
106973	106973
106974	106974
106975	106975
106976	106976
106977	106977
106978	106978
106979	106979
106980	106980
106981	106981
106982	106982
106983	106983
106984	106984
106985	106985
106986	106986
106987	106987
106988	106988
106989	106989
106990	106990
106991	106991
106992	106992
106993	106993
106994	106994
106995	106995
106996	106996
106997	106997
106998	106998
106999	106999
107000	107000
107001	107001
107002	107002
107003	107003
107004	107004
107005	107005
107006	107006
107007	107007
107008	107008
107009	107009
107010	107010
107011	107011
107012	107012
107013	107013
107014	107014
107015	107015
107016	107016
107017	107017
107018	107018
107019	107019
107020	107020
107021	107021
107022	107022
107023	107023
107024	107024
107025	107025
107026	107026
107027	107027
107028	107028
107029	107029
107030	107030
107031	107031
107032	107032
107033	107033
107034	107034
107035	107035
107036	107036
107037	107037
107038	107038
107039	107039
107040	107040
107041	107041
107042	107042
107043	107043
107044	107044
107045	107045
107046	107046
107047	107047
107048	107048
107049	107049
107050	107050
107051	107051
107052	107052
107053	107053
107054	107054
107055	107055
107056	107056
107057	107057
107058	107058
107059	107059
107060	107060
107061	107061
107062	107062
107063	107063
107064	107064
107065	107065
107066	107066
107067	107067
107068	107068
107069	107069
107070	107070
107071	107071
107072	107072
107073	107073
107074	107074
107075	107075
107076	107076
107077	107077
107078	107078
107079	107079
107080	107080
107081	107081
107082	107082
107083	107083
107084	107084
107085	107085
107086	107086
107087	107087
107088	107088
107089	107089
107090	107090
107091	107091
107092	107092
107093	107093
107094	107094
107095	107095
107096	107096
107097	107097
107098	107098
107099	107099
107100	107100
107101	107101
107102	107102
107103	107103
107104	107104
107105	107105
107106	107106
107107	107107
107108	107108
107109	107109
107110	107110
107111	107111
107112	107112
107113	107113
107114	107114
107115	107115
107116	107116
107117	107117
107118	107118
107119	107119
107120	107120
107121	107121
107122	107122
107123	107123
107124	107124
107125	107125
107126	107126
107127	107127
107128	107128
107129	107129
107130	107130
107131	107131
107132	107132
107133	107133
107135	107135
107137	107137
107138	107138
107139	107139
107140	107140
107141	107141
107142	107142
107143	107143
107144	107144
107145	107145
107146	107146
107147	107147
107148	107148
107149	107149
107150	107150
107151	107151
107152	107152
107153	107153
107154	107154
107155	107155
107156	107156
107157	107157
107158	107158
107159	107159
107160	107160
107161	107161
107162	107162
107163	107163
107164	107164
107165	107165
107166	107166
107167	107167
107168	107168
107169	107169
107170	107170
107171	107171
107172	107172
107173	107173
107174	107174
107175	107175
107176	107176
107177	107177
107178	107178
107179	107179
107180	107180
107181	107181
107182	107182
107183	107183
107184	107184
107185	107185
107186	107186
107187	107187
107188	107188
107189	107189
107190	107190
107191	107191
107192	107192
107193	107193
107194	107194
107195	107195
107196	107196
107197	107197
107198	107198
107199	107199
107200	107200
107201	107201
107202	107202
107203	107203
107204	107204
107205	107205
107206	107206
107207	107207
107208	107208
107209	107209
107210	107210
107211	107211
107212	107212
107213	107213
107214	107214
107215	107215
107216	107216
107217	107217
107218	107218
107219	107219
107220	107220
107221	107221
107222	107222
107223	107223
107224	107224
107225	107225
107226	107226
107227	107227
107228	107228
107229	107229
107230	107230
107231	107231
107232	107232
107233	107233
107234	107234
107235	107235
107236	107236
107237	107237
107238	107238
107239	107239
107240	107240
107241	107241
107242	107242
107243	107243
107244	107244
107245	107245
107246	107246
107247	107247
107248	107248
107249	107249
107250	107250
107251	107251
107252	107252
107253	107253
107254	107254
107255	107255
107256	107256
107257	107257
107258	107258
107259	107259
107260	107260
107261	107261
107262	107262
107263	107263
107264	107264
107265	107265
107266	107266
107267	107267
107268	107268
107269	107269
107270	107270
107271	107271
107272	107272
107273	107273
107274	107274
107275	107275
107276	107276
107277	107277
107278	107278
107279	107279
107280	107280
107281	107281
107282	107282
107283	107283
107284	107284
107285	107285
107286	107286
107287	107287
107288	107288
107289	107289
107290	107290
107291	107291
107292	107292
107293	107293
107294	107294
107295	107295
107296	107296
107297	107297
107298	107298
107299	107299
107300	107300
107301	107301
107302	107302
107303	107303
107304	107304
107305	107305
107306	107306
107307	107307
107308	107308
107309	107309
107310	107310
107311	107311
107312	107312
107313	107313
107314	107314
107315	107315
107316	107316
107317	107317
107318	107318
107319	107319
107320	107320
107321	107321
107322	107322
107323	107323
107324	107324
107325	107325
107326	107326
107327	107327
107328	107328
107329	107329
107330	107330
107331	107331
107332	107332
107333	107333
107334	107334
107335	107335
107336	107336
107337	107337
107338	107338
107339	107339
107340	107340
107341	107341
107342	107342
107343	107343
107344	107344
107345	107345
107346	107346
107347	107347
107348	107348
107349	107349
107350	107350
107351	107351
107352	107352
107353	107353
107354	107354
107355	107355
107356	107356
107357	107357
107358	107358
107359	107359
107360	107360
107363	107363
107367	107367
107371	107371
107372	107372
107386	107386
107396	107396
107397	107397
107410	107410
107424	107424
107426	107426
107427	107427
107438	107438
107445	107445
107512	107512
107515	107515
107517	107517
107531	107531
107532	107532
107533	107533
107534	107534
107535	107535
107536	107536
107537	107537
107538	107538
107539	107539
107540	107540
107541	107541
107542	107542
107543	107543
107544	107544
107545	107545
107546	107546
107547	107547
107548	107548
107549	107549
107550	107550
107551	107551
107552	107552
107553	107553
107554	107554
107555	107555
107556	107556
107557	107557
107558	107558
107559	107559
107560	107560
107561	107561
107562	107562
107563	107563
107564	107564
107565	107565
107566	107566
107567	107567
107568	107568
107569	107569
107570	107570
107571	107571
107572	107572
107573	107573
107574	107574
107575	107575
107576	107576
107577	107577
107578	107578
107579	107579
107580	107580
107581	107581
107582	107582
107583	107583
107584	107584
107585	107585
107586	107586
107587	107587
107588	107588
107589	107589
107590	107590
107591	107591
107592	107592
107593	107593
107594	107594
107595	107595
107596	107596
107597	107597
107598	107598
107599	107599
107600	107600
107601	107601
107602	107602
107603	107603
107604	107604
107605	107605
107606	107606
107607	107607
107608	107608
107609	107609
107610	107610
107611	107611
107612	107612
107613	107613
107614	107614
107615	107615
107616	107616
107618	107618
107619	107619
107620	107620
107621	107621
107622	107622
107623	107623
107624	107624
107625	107625
107626	107626
107627	107627
107628	107628
107629	107629
107630	107630
107631	107631
107632	107632
107633	107633
107634	107634
107635	107635
107636	107636
107637	107637
107638	107638
107639	107639
107640	107640
107641	107641
107642	107642
107643	107643
107644	107644